% TODO: should turn that into a function that plots an interactive graph

fmOrig = [222.23
       336.34
       555.04
       772.22
       911.26
       1096.8
       1203.1
       1540.4
       1628.9
       1994.9
       2197.1
       2533.4
       2672.5
       2821.2
       3342.2
       3479.7
       3806.9
       4173.8
       4292.9
       4519.3
       4855.4
       5182.4
       5636.8
       5983.6
       6184.5
       6602.6
       6718.2
       6835.8
       7283.3
       7407.7
       7581.8
       7860.9
       8085.9
       8251.3
       8680.7
       9072.5
       9355.8];
gmOrig = [];
rt60mOrig = [];

fmDest = [];
gmDest = [];
rt60mDest = [];

